.Random.seed <-
c(403L, 10L, 1992226138L, 641689372L, -1216183777L, -198745483L, 
950972172L, -1327136030L, -1094969411L, -1171214281L, 140868318L, 
-917174760L, 608266619L, -2045648615L, -1387967064L, -70962858L, 
-1098346031L, 844910979L, 941764626L, -62495836L, 32428903L, 
-263329603L, -1850798028L, 297722778L, 412544997L, -978371713L, 
-159274234L, 1164838032L, 1253299507L, -559025455L, 1305868416L, 
-826433186L, -1475897687L, 1664663899L, -353236118L, -439098868L, 
1104077391L, 1253969669L, -2007808068L, 1474355858L, -116782707L, 
-190402105L, -308702546L, 348666632L, -996382453L, 1086371817L, 
-1989029704L, -596420762L, -1487162367L, 1483457171L, -1601854142L, 
-1239356684L, 417650423L, -293488915L, 1009107332L, -1929916502L, 
157127957L, -98066513L, -955699274L, 1980749280L, -1116164829L, 
1898676801L, -178066128L, 699623246L, 444329401L, -1557803061L, 
26739834L, 2097223036L, 701296063L, -1648735595L, -16041812L, 
-1214856574L, -1471198627L, -304939689L, -12992450L, 1438798968L, 
-256229541L, -1444771143L, 1943865096L, -1051853386L, 1510662897L, 
1773102371L, 1673609074L, 1796541892L, 548001159L, -1339549859L, 
1267530068L, -340722822L, 2145876677L, -721638369L, 1445493670L, 
-688751312L, -535838765L, -460411407L, -858760416L, 179836350L, 
2022845897L, -702467717L, -1580370102L, 2049419180L, -77336913L, 
837807205L, -375383012L, -1292176782L, -1729100563L, -688415449L, 
-1162917554L, 1382443432L, -291164757L, 1189586633L, -1720729896L, 
671589254L, -805652895L, 1040068595L, 328024674L, -1912539948L, 
-1362111017L, 44457933L, 509320036L, -247218358L, 1824876213L, 
640318991L, 332082966L, 501905856L, -603141757L, -1334382687L, 
2139504528L, 1629725806L, -1446079975L, -1810146645L, 1507073690L, 
-1908819364L, 1930528607L, 1027529013L, -1990690612L, 721109538L, 
1374182525L, 2105935223L, -1417401698L, 1676061016L, -518532933L, 
-2132144551L, -603824664L, -1162713066L, 2022806417L, 363404355L, 
178066258L, 373176292L, 1736934951L, -1317716355L, 120799092L, 
-1259138214L, 754894245L, 1314808255L, 486050374L, 1803405520L, 
-1331469581L, 1517220881L, 1657037376L, 1790375454L, -1395547927L, 
-562814437L, 426639914L, -1259666100L, -208419057L, 1695115845L, 
-1654924292L, -212852142L, -2015068211L, -1722418809L, -975901586L, 
-1349512120L, 1957539403L, 495420329L, 1422166776L, -499048922L, 
-1618405567L, -1519100717L, 56377474L, -1327563084L, -1491895753L, 
92258605L, -1116204476L, -1153429654L, -2126955563L, -1785381521L, 
760129654L, -1275034720L, 693220451L, 390275329L, 62811248L, 
1184565262L, 1338882169L, 351516683L, -1955768006L, 757975100L, 
-541974657L, 1525208277L, 984983788L, -1095015870L, 1436247453L, 
1530298391L, -1186646658L, -162755784L, -320687077L, -682955399L, 
1856633800L, 1651566582L, 632039985L, -1681703837L, -121027534L, 
1409876356L, -2045941817L, 290777757L, -1234855404L, -698378054L, 
282715397L, 1778790111L, -1941998746L, -2010721552L, -44551661L, 
-586490959L, -1010350496L, -642497538L, -639902839L, 607349947L, 
1426458762L, 1572641644L, 1087930607L, -2009946304L, 1636595892L, 
205116232L, -1171297606L, -1944678640L, -1369122580L, 1048671316L, 
-985999598L, -119819360L, -306503732L, -1098405024L, -50626366L, 
47089192L, -1272441428L, 390164284L, 1537933170L, -243805392L, 
-675560924L, -1540640712L, -933393190L, 1443299728L, 1106179836L, 
-1224536172L, -865090750L, 2077751808L, 1176658492L, -5532080L, 
-2028096862L, -1862190264L, -657819124L, 1583410396L, 1463988818L, 
51652736L, -1167525036L, -625831448L, 1649945338L, 123901776L, 
1105773612L, 1430132084L, -690159982L, 366803552L, 1671975564L, 
2055269216L, 1152709346L, 769570984L, -498470708L, 158786044L, 
594968498L, 788608496L, -1167462972L, -756787368L, -1224508550L, 
-1158988368L, -597114436L, -1585561516L, -2086636606L, 2068267808L, 
960001980L, 22524496L, 1165258210L, 332099944L, 1718119756L, 
-1734852356L, -901266702L, -1275474176L, 1734737524L, -1660698616L, 
-1266314822L, 124874704L, -235107860L, 1697056660L, -699813166L, 
1272716896L, 301843788L, 1539859744L, -1122088318L, -826910232L, 
-1542225940L, -1197169092L, 445089394L, -1806455952L, 1631144228L, 
-797711816L, -973153894L, -2033255984L, -793795140L, -396674924L, 
-1120316286L, -152713792L, -2051552452L, 1444572304L, -121988318L, 
1723037192L, 1217561868L, -675646052L, -1164800494L, 349461376L, 
1899705108L, 205730088L, 42910778L, 210865104L, -181847444L, 
203846196L, -1483801966L, 1402389856L, 101841228L, 1901266912L, 
1688761762L, 460633512L, 1124275852L, 1945271740L, 1599737458L, 
-31026192L, -636244412L, 510636120L, 1191065658L, -1487216528L, 
-2084652996L, -1061674732L, 581788354L, -742988064L, 1317591164L, 
1827305168L, -1987053150L, -837203928L, 1597098764L, 1661667772L, 
-438250702L, -690070848L, -176706508L, -1593176376L, 1823003834L, 
1362679440L, 579591916L, -569185708L, 1285984914L, 607770912L, 
1158857164L, 2072257248L, -1999408958L, 1159310376L, -1335142484L, 
-1770562884L, 900885490L, -1051298256L, 1481932708L, -947376712L, 
-1826183334L, -1964765040L, -979952772L, -597950188L, 931739970L, 
-1677451008L, 1644670396L, 1514037584L, 102005026L, -1353876920L, 
8933388L, 1567815260L, -1397667374L, -633391616L, -561089196L, 
546868456L, 287564026L, 2106107600L, -12784852L, 1547333876L, 
-1261889134L, 46783840L, -1624110068L, -387318560L, 1426211426L, 
-1838005080L, -188138420L, 296572796L, -1385252558L, -616336784L, 
-1555827900L, 41063384L, 376152954L, 383289392L, -1094684740L, 
1438638676L, -1437102014L, -358945120L, -780565828L, -1740026928L, 
801619298L, -2144100632L, 1170226380L, -1866722820L, 2054086130L, 
710190208L, 551774708L, 684464776L, 729959226L, -1077072560L, 
-1823527828L, -832887404L, 1154269266L, 1889566176L, -1440738100L, 
317030048L, -599101054L, -1009764120L, 399358700L, -2931396L, 
-420654990L, 612078192L, 1612622372L, 1229871160L, 1857169690L, 
1213351120L, -2111731396L, -393444460L, 2018719618L, 1291570112L, 
-982735300L, 84500880L, -169240542L, 1362191624L, -979347316L, 
1545842460L, 255595666L, -257362560L, 1296642068L, -1606985944L, 
-846140833L, -1232757576L, 1359673750L, 1159938979L, -883804315L, 
817286786L, 901680112L, 1575841177L, -1515347061L, 1379634812L, 
-1734130518L, 1048082143L, 623676521L, 1508386430L, 554126956L, 
-1517555011L, -1990103161L, 3283824L, -1113413106L, 1375831867L, 
1704827933L, -759491382L, -338047000L, 1644764369L, 364214467L, 
-144486460L, -490812302L, 668722503L, -1566140143L, 1125534870L, 
1260806644L, -443018363L, 269073103L, 1108043720L, -85471642L, 
-1567285101L, 1877663733L, -241698350L, 1094066720L, 593746953L, 
1718542651L, -1224842100L, 32125210L, -2120259697L, 455047385L, 
186423150L, 534941436L, -150918035L, 1609660439L, 1361789408L, 
-1222038082L, 1101321099L, -780925939L, 994878522L, -949246856L, 
450965537L, 1418271443L, -51209740L, 1146962562L, -726442217L, 
171611617L, -860411098L, -357235164L, 1392361685L, -774791041L, 
-1444612840L, -1903875018L, 80048835L, 1235328773L, 43291298L, 
1721122960L, 1943277625L, 1818009835L, -1566191140L, 83064842L, 
2079164159L, -1863329975L, 361606366L, -3526004L, -431671715L, 
-773006233L, -1304137328L, -268119634L, 475956315L, -1902111683L, 
1500617386L, -1732450488L, 735677297L, -1894314781L, 410756068L, 
2126164754L, 1914486503L, 1405700273L, -682185994L, -1565545196L, 
345993765L, 1977270063L, -1224048408L, 1689313734L, -1504833421L, 
1203452629L, 554928306L, 285301888L, 989184105L, 1799044315L, 
-308072404L, 538095674L, -1569681681L, 37863801L, -2121953778L, 
1119023068L, -1932089267L, -906581065L, 2143597888L, 1490940958L, 
-242699541L, -1185981843L, 1900055258L, -75197800L, -2082459391L, 
-332581197L, -1104322092L, 510218466L, 1387227511L, -304744255L, 
-2030631866L, 1114065796L, 2041429301L, -222123233L, 2032803448L, 
-910032042L, -350123549L, 630808485L, -1727726014L, -2025389008L, 
-2132748199L, 1765545419L, -1713211844L, 481200234L, 596005535L, 
